Season,roundNumber,matchId,playerId,name,TOG,AF,CBA,KI,teamName,CBA_PERC,KI_PERC,SC,TeamCBA,TeamKI
2025,2,CD_M20250140201,CD_I296294,Blake Acres,84,34,0,0,Carlton,0,0,29,23,8
2025,2,CD_M20250140201,CD_I1022452,Lucas Camporeale,67,30,0,0,Carlton,0,0,52,23,8
2025,2,CD_M20250140201,CD_I1002239,Adam Cerra,73,100,12,0,Carlton,52,0,113,23,8
2025,2,CD_M20250140201,CD_I1008154,Matthew Cottrell,91,78,0,0,Carlton,0,0,88,23,8
2025,2,CD_M20250140201,CD_I1021353,Lachlan Cowan,84,37,0,0,Carlton,0,0,46,23,8
2025,2,CD_M20250140201,CD_I990704,Patrick Cripps,82,88,19,0,Carlton,83,0,108,23,8
2025,2,CD_M20250140201,CD_I996731,Charlie Curnow,83,16,0,0,Carlton,0,0,20,23,8
2025,2,CD_M20250140201,CD_I1004912,Tom De Koning,76,107,21,0,Carlton,91,0,104,23,8
2025,2,CD_M20250140201,CD_I295518,Sam Docherty,86,70,0,0,Carlton,0,0,73,23,8
2025,2,CD_M20250140201,CD_I1002228,Lachie Fogarty,72,39,0,0,Carlton,0,0,48,23,8
2025,2,CD_M20250140201,CD_I295265,Nick Haynes,73,35,0,0,Carlton,0,0,49,23,8
2025,2,CD_M20250140201,CD_I294036,George Hewett,81,120,16,0,Carlton,70,0,123,23,8
2025,2,CD_M20250140201,CD_I1023495,Oliver Hollands,91,48,0,0,Carlton,0,0,50,23,8
2025,2,CD_M20250140201,CD_I1009241,Brodie Kemp,92,26,0,0,Carlton,0,0,22,23,8
2025,2,CD_M20250140201,CD_I1032108,Cooper Lord,13,15,0,0,Carlton,0,0,8,23,8
2025,2,CD_M20250140201,CD_I297255,Mitch McGovern,80,48,0,4,Carlton,0,50,59,23,8
2025,2,CD_M20250140201,CD_I1017700,Jesse Motlop,75,87,2,0,Carlton,9,0,81,23,8
2025,2,CD_M20250140201,CD_I295461,Adam Saad,84,55,0,4,Carlton,0,50,47,23,8
2025,2,CD_M20250140201,CD_I1001028,Jack Silvagni,80,63,0,0,Carlton,0,0,69,23,8
2025,2,CD_M20250140201,CD_I1006094,Sam Walsh,80,99,17,0,Carlton,74,0,100,23,8
2025,2,CD_M20250140201,CD_I993832,Jacob Weitering,100,59,0,0,Carlton,0,0,82,23,8
2025,2,CD_M20250140201,CD_I294685,Zac Williams,65,47,3,0,Carlton,13,0,59,23,8
2025,2,CD_M20250140201,CD_I997316,Lewis Young,89,44,2,0,Carlton,9,0,61,23,8
2025,2,CD_M20250140201,CD_I297354,Karl Amon,84,91,0,3,Hawthorn,0,25,106,23,12
2025,2,CD_M20250140201,CD_I990290,Tom Barrass,89,47,0,0,Hawthorn,0,0,52,23,12
2025,2,CD_M20250140201,CD_I998134,Josh Battle,98,75,0,2,Hawthorn,0,17,108,23,12
2025,2,CD_M20250140201,CD_I994077,Mabior Chol,86,57,2,0,Hawthorn,9,0,64,23,12
2025,2,CD_M20250140201,CD_I1005144,Massimo D'Ambrosio,83,94,0,0,Hawthorn,0,0,109,23,12
2025,2,CD_M20250140201,CD_I1008550,Will Day,76,75,17,0,Hawthorn,74,0,76,23,12
2025,2,CD_M20250140201,CD_I1012857,Jack Ginnivan,78,44,0,0,Hawthorn,0,0,50,23,12
2025,2,CD_M20250140201,CD_I291351,Jack Gunston,60,59,0,0,Hawthorn,0,0,68,23,12
2025,2,CD_M20250140201,CD_I993794,Blake Hardwick,91,76,0,2,Hawthorn,0,17,92,23,12
2025,2,CD_M20250140201,CD_I296254,Jarman Impey,79,65,0,0,Hawthorn,0,0,93,23,12
2025,2,CD_M20250140201,CD_I998390,Changkuoth Jiath,74,68,0,1,Hawthorn,0,8,96,23,12
2025,2,CD_M20250140201,CD_I1017094,Connor Macdonald,27,20,0,0,Hawthorn,0,0,10,23,12
2025,2,CD_M20250140201,CD_I1023482,Cam Mackenzie,65,82,7,0,Hawthorn,30,0,82,23,12
2025,2,CD_M20250140201,CD_I1009421,Finn Maginness,79,41,0,0,Hawthorn,0,0,41,23,12
2025,2,CD_M20250140201,CD_I1000980,Lloyd Meek,80,65,21,0,Hawthorn,91,0,90,23,12
2025,2,CD_M20250140201,CD_I1006314,Dylan Moore,79,45,1,0,Hawthorn,4,0,57,23,12
2025,2,CD_M20250140201,CD_I1000963,Harry Morrison,79,61,0,0,Hawthorn,0,0,62,23,12
2025,2,CD_M20250140201,CD_I1007124,Conor Nash,79,75,18,0,Hawthorn,78,0,68,23,12
2025,2,CD_M20250140201,CD_I1020895,Jai Newcombe,80,142,18,0,Hawthorn,78,0,149,23,12
2025,2,CD_M20250140201,CD_I297566,James Sicily,95,81,0,4,Hawthorn,0,33,99,23,12
2025,2,CD_M20250140201,CD_I1017110,Josh Ward,76,101,8,0,Hawthorn,35,0,101,23,12
2025,2,CD_M20250140201,CD_I1023473,Nick Watson,79,77,0,0,Hawthorn,0,0,79,23,12
2025,2,CD_M20250140201,CD_I1027935,Josh Weddle,86,61,0,0,Hawthorn,0,0,54,23,12
2025,2,CD_M20250140202,CD_I1008855,Oskar Baker,23,11,0,0,Western Bulldogs,0,0,24,24,16
2025,2,CD_M20250140202,CD_I1000864,Lachlan Bramble,87,20,0,6,Western Bulldogs,0,38,24,24,16
2025,2,CD_M20250140202,CD_I996708,Bailey Dale,81,96,0,9,Western Bulldogs,0,56,141,24,16
2025,2,CD_M20250140202,CD_I1017126,Sam Darcy,86,100,4,0,Western Bulldogs,17,0,117,24,16
2025,2,CD_M20250140202,CD_I1036123,Sam Davidson,77,60,0,0,Western Bulldogs,0,0,72,24,16
2025,2,CD_M20250140202,CD_I1034235,Josh Dolan,65,23,0,0,Western Bulldogs,0,0,17,24,16
2025,2,CD_M20250140202,CD_I290085,Taylor Duryea,76,41,0,0,Western Bulldogs,0,0,46,24,16
2025,2,CD_M20250140202,CD_I1004592,Tim English,82,101,18,0,Western Bulldogs,75,0,113,24,16
2025,2,CD_M20250140202,CD_I1027704,Joel Freijah,80,75,8,0,Western Bulldogs,33,0,100,24,16
2025,2,CD_M20250140202,CD_I1017087,Harvey Gallagher,77,62,0,0,Western Bulldogs,0,0,55,24,16
2025,2,CD_M20250140202,CD_I297899,James Harmes,87,42,2,0,Western Bulldogs,8,0,50,24,16
2025,2,CD_M20250140202,CD_I1020586,Arthur Jones,61,31,0,0,Western Bulldogs,0,0,24,24,16
2025,2,CD_M20250140202,CD_I1001398,Matthew Kennedy,81,73,14,0,Western Bulldogs,58,0,79,24,16
2025,2,CD_M20250140202,CD_I998782,Buku Khamis,95,57,0,1,Western Bulldogs,0,6,71,24,16
2025,2,CD_M20250140202,CD_I290799,Tom Liberatore,82,109,19,0,Western Bulldogs,79,0,142,24,16
2025,2,CD_M20250140202,CD_I990740,Rory Lobb,100,62,0,0,Western Bulldogs,0,0,69,24,16
2025,2,CD_M20250140202,CD_I1009015,Lachlan McNeil,83,34,0,0,Western Bulldogs,0,0,26,24,16
2025,2,CD_M20250140202,CD_I1002404,Aaron Naughton,83,33,2,0,Western Bulldogs,8,0,43,24,16
2025,2,CD_M20250140202,CD_I1008280,Ed Richards,83,92,22,0,Western Bulldogs,92,0,105,24,16
2025,2,CD_M20250140202,CD_I1017939,Ryley Sanders,71,69,3,0,Western Bulldogs,12,0,62,24,16
2025,2,CD_M20250140202,CD_I1005000,Laitham Vandermeer,79,53,0,0,Western Bulldogs,0,0,68,24,16
2025,2,CD_M20250140202,CD_I1006127,Rhylee West,76,26,4,0,Western Bulldogs,17,0,55,24,16
2025,2,CD_M20250140202,CD_I992351,Bailey Williams,83,62,0,0,Western Bulldogs,0,0,73,24,16
2025,2,CD_M20250140202,CD_I990291,Darcy Cameron,84,100,19,0,Collingwood,79,0,112,24,10
2025,2,CD_M20250140202,CD_I998647,Mason Cox,52,55,5,0,Collingwood,21,0,46,24,10
2025,2,CD_M20250140202,CD_I293871,Jack Crisp,83,75,0,0,Collingwood,0,0,78,24,10
2025,2,CD_M20250140202,CD_I1005054,Josh Daicos,85,85,0,1,Collingwood,0,10,84,24,10
2025,2,CD_M20250140202,CD_I1023261,Nick Daicos,84,136,22,0,Collingwood,92,0,125,24,10
2025,2,CD_M20250140202,CD_I994185,Jordan De Goey,82,70,6,0,Collingwood,25,0,71,24,10
2025,2,CD_M20250140202,CD_I293801,Jamie Elliott,93,66,0,0,Collingwood,0,0,85,24,10
2025,2,CD_M20250140202,CD_I1006148,Bobby Hill,71,55,0,0,Collingwood,0,0,69,24,10
2025,2,CD_M20250140202,CD_I994295,Dan Houston,80,60,0,2,Collingwood,0,20,81,24,10
2025,2,CD_M20250140202,CD_I291313,Jeremy Howe,100,75,0,5,Collingwood,0,50,112,24,10
2025,2,CD_M20250140202,CD_I1003130,Patrick Lipinski,87,61,0,0,Collingwood,0,0,75,24,10
2025,2,CD_M20250140202,CD_I1017124,Ned Long,75,72,14,0,Collingwood,58,0,57,24,10
2025,2,CD_M20250140202,CD_I992010,Brayden Maynard,78,55,0,0,Collingwood,0,0,69,24,10
2025,2,CD_M20250140202,CD_I1004757,Beau McCreery,75,51,4,0,Collingwood,17,0,65,24,10
2025,2,CD_M20250140202,CD_I1013278,Reef McInnes,4,0,0,0,Collingwood,0,0,0,24,10
2025,2,CD_M20250140202,CD_I297504,Daniel McStay,84,63,0,0,Collingwood,0,0,50,24,10
2025,2,CD_M20250140202,CD_I294596,Tim Membrey,81,39,0,0,Collingwood,0,0,42,24,10
2025,2,CD_M20250140202,CD_I298288,Darcy Moore,97,61,0,2,Collingwood,0,20,90,24,10
2025,2,CD_M20250140202,CD_I260257,Scott Pendlebury,77,68,12,0,Collingwood,50,0,86,24,10
2025,2,CD_M20250140202,CD_I998205,Harry Perryman,79,43,0,0,Collingwood,0,0,57,24,10
2025,2,CD_M20250140202,CD_I1008089,Isaac Quaynor,83,42,0,0,Collingwood,0,0,59,24,10
2025,2,CD_M20250140202,CD_I1000860,Lachie Schultz,81,106,0,0,Collingwood,0,0,107,24,10
2025,2,CD_M20250140202,CD_I280965,Steele Sidebottom,83,84,14,0,Collingwood,58,0,107,24,10
2025,2,CD_M20250140203,CD_I1011954,Nick Bryan,70,72,27,0,Essendon,63,0,77,43,11
2025,2,CD_M20250140203,CD_I1027899,Nate Caddy,54,26,0,0,Essendon,0,0,25,43,11
2025,2,CD_M20250140203,CD_I1006103,Jye Caldwell,71,97,27,0,Essendon,63,0,118,43,11
2025,2,CD_M20250140203,CD_I1005577,Sam Draper,91,67,16,0,Essendon,37,0,72,43,11
2025,2,CD_M20250140203,CD_I1015810,Sam Durham,82,60,31,0,Essendon,72,0,77,43,11
2025,2,CD_M20250140203,CD_I1006096,Xavier Duursma,78,47,0,0,Essendon,0,0,54,43,11
2025,2,CD_M20250140203,CD_I1018323,Thomas Edwards,80,58,0,0,Essendon,0,0,48,43,11
2025,2,CD_M20250140203,CD_I298421,Jade Gresham,82,55,0,0,Essendon,0,0,61,43,11
2025,2,CD_M20250140203,CD_I1017088,Ben Hobbs,74,36,0,0,Essendon,0,0,44,43,11
2025,2,CD_M20250140203,CD_I1011755,Harrison Jones,83,49,0,0,Essendon,0,0,36,43,11
2025,2,CD_M20250140203,CD_I1028554,Isaac Kako,78,44,0,0,Essendon,0,0,34,43,11
2025,2,CD_M20250140203,CD_I1012013,Nic Martin,97,72,0,0,Essendon,0,0,91,43,11
2025,2,CD_M20250140203,CD_I998102,Andrew McGrath,80,58,1,0,Essendon,2,0,66,43,11
2025,2,CD_M20250140203,CD_I1002143,Ben McKay,100,28,0,0,Essendon,0,0,48,43,11
2025,2,CD_M20250140203,CD_I1013201,Jye Menzie,27,12,0,0,Essendon,0,0,4,43,11
2025,2,CD_M20250140203,CD_I992016,Zach Merrett,87,138,26,0,Essendon,60,0,145,43,11
2025,2,CD_M20250140203,CD_I1015873,Archie Perkins,82,63,21,0,Essendon,49,0,53,43,11
2025,2,CD_M20250140203,CD_I1009386,Jaxon Prior,83,61,0,2,Essendon,0,18,57,43,11
2025,2,CD_M20250140203,CD_I997078,Mason Redman,83,63,0,5,Essendon,0,45,65,43,11
2025,2,CD_M20250140203,CD_I1012817,Zach Reid,96,51,0,1,Essendon,0,9,36,43,11
2025,2,CD_M20250140203,CD_I1023515,Archie Roberts,81,68,0,2,Essendon,0,18,52,43,11
2025,2,CD_M20250140203,CD_I291783,Dylan Shiel,77,61,0,1,Essendon,0,9,60,43,11
2025,2,CD_M20250140203,CD_I1023785,Elijah Tsatas,63,71,23,0,Essendon,53,0,78,43,11
2025,2,CD_M20250140203,CD_I297401,Matt Crouch,73,131,28,0,Adelaide Crows,65,0,143,43,10
2025,2,CD_M20250140203,CD_I1001396,Isaac Cumming,78,28,0,0,Adelaide Crows,0,0,50,43,10
2025,2,CD_M20250140203,CD_I1024023,Daniel Curtin,76,73,0,0,Adelaide Crows,0,0,82,43,10
2025,2,CD_M20250140203,CD_I992242,Jordan Dawson,79,134,30,0,Adelaide Crows,70,0,124,43,10
2025,2,CD_M20250140203,CD_I1022607,Sid Draper,28,38,13,0,Adelaide Crows,30,0,20,43,10
2025,2,CD_M20250140203,CD_I999331,Darcy Fogarty,80,82,0,0,Adelaide Crows,0,0,72,43,10
2025,2,CD_M20250140203,CD_I1004863,Mitchell Hinge,80,74,0,3,Adelaide Crows,0,30,89,43,10
2025,2,CD_M20250140203,CD_I1013974,Mark Keane,95,26,0,4,Adelaide Crows,0,40,32,43,10
2025,2,CD_M20250140203,CD_I993946,Ben Keays,81,132,0,0,Adelaide Crows,0,0,135,43,10
2025,2,CD_M20250140203,CD_I293222,Rory Laird,81,83,0,1,Adelaide Crows,0,10,89,43,10
2025,2,CD_M20250140203,CD_I1015370,Max Michalanney,90,72,0,0,Adelaide Crows,0,0,70,43,10
2025,2,CD_M20250140203,CD_I990882,Wayne Milera,79,78,0,1,Adelaide Crows,0,10,86,43,10
2025,2,CD_M20250140203,CD_I1008230,Nick Murray,88,56,0,0,Adelaide Crows,0,0,66,43,10
2025,2,CD_M20250140203,CD_I296420,Alex Neal-Bullen,84,85,0,0,Adelaide Crows,0,0,78,43,10
2025,2,CD_M20250140203,CD_I297523,Reilly O'Brien,86,74,36,0,Adelaide Crows,84,0,77,43,10
2025,2,CD_M20250140203,CD_I1006013,James Peatling,83,41,21,0,Adelaide Crows,49,0,47,43,10
2025,2,CD_M20250140203,CD_I1017051,Josh Rachele,85,96,2,0,Adelaide Crows,5,0,88,43,10
2025,2,CD_M20250140203,CD_I1001195,Izak Rankine,56,70,14,0,Adelaide Crows,33,0,97,43,10
2025,2,CD_M20250140203,CD_I1006136,Lachlan Sholl,80,82,0,0,Adelaide Crows,0,0,77,43,10
2025,2,CD_M20250140203,CD_I1017109,Jake Soligo,73,101,21,0,Adelaide Crows,49,0,108,43,10
2025,2,CD_M20250140203,CD_I1008384,Riley Thilthorpe,82,91,7,0,Adelaide Crows,16,0,97,43,10
2025,2,CD_M20250140203,CD_I280506,Taylor Walker,76,82,0,0,Adelaide Crows,0,0,105,43,10
2025,2,CD_M20250140203,CD_I1011981,Josh Worrell,87,84,0,1,Adelaide Crows,0,10,69,43,10
2025,2,CD_M20250140204,CD_I294469,Aliir Aliir,100,71,0,0,Port Adelaide,0,0,77,34,14
2025,2,CD_M20250140204,CD_I1009191,Miles Bergman,88,86,0,1,Port Adelaide,0,7,77,34,14
2025,2,CD_M20250140204,CD_I1028529,Joe Berry,77,49,0,0,Port Adelaide,0,0,56,34,14
2025,2,CD_M20250140204,CD_I250365,Travis Boak,80,81,4,0,Port Adelaide,12,0,78,34,14
2025,2,CD_M20250140204,CD_I1013462,Jase Burgoyne,100,122,0,0,Port Adelaide,0,0,127,34,14
2025,2,CD_M20250140204,CD_I992128,Ryan Burton,76,67,0,1,Port Adelaide,0,7,78,34,14
2025,2,CD_M20250140204,CD_I991930,Darcy Byrne-Jones,82,78,0,0,Port Adelaide,0,0,127,34,14
2025,2,CD_M20250140204,CD_I1000972,Willem Drew,73,108,28,0,Port Adelaide,82,0,123,34,14
2025,2,CD_M20250140204,CD_I1019938,Logan Evans,77,108,0,4,Port Adelaide,0,29,101,34,14
2025,2,CD_M20250140204,CD_I1002253,Kane Farrell,88,114,0,6,Port Adelaide,0,43,104,34,14
2025,2,CD_M20250140204,CD_I1010174,Mitch Georgiades,88,103,0,0,Port Adelaide,0,0,111,34,14
2025,2,CD_M20250140204,CD_I1011640,Jason Horne-Francis,83,62,14,0,Port Adelaide,41,0,61,34,14
2025,2,CD_M20250140204,CD_I1011583,Lachie Jones,72,55,0,0,Port Adelaide,0,0,90,34,14
2025,2,CD_M20250140204,CD_I1004095,Jack Lukosius,3,0,0,0,Port Adelaide,0,0,0,34,14
2025,2,CD_M20250140204,CD_I1005326,Jackson Mead,78,98,10,0,Port Adelaide,29,0,88,34,14
2025,2,CD_M20250140204,CD_I1028563,Christian Moraes,65,60,0,0,Port Adelaide,0,0,52,34,14
2025,2,CD_M20250140204,CD_I993979,Sam Powell-Pepper,79,90,0,0,Port Adelaide,0,0,83,34,14
2025,2,CD_M20250140204,CD_I1008239,Joe Richards,81,85,0,0,Port Adelaide,0,0,86,34,14
2025,2,CD_M20250140204,CD_I296225,Willie Rioli,92,89,8,0,Port Adelaide,24,0,119,34,14
2025,2,CD_M20250140204,CD_I1001299,Connor Rozee,81,145,22,0,Port Adelaide,65,0,130,34,14
2025,2,CD_M20250140204,CD_I1017078,Josh Sinn,75,90,0,2,Port Adelaide,0,14,82,34,14
2025,2,CD_M20250140204,CD_I992330,Jordon Sweet,85,75,28,0,Port Adelaide,82,0,100,34,14
2025,2,CD_M20250140204,CD_I294318,Ollie Wines,75,98,22,0,Port Adelaide,65,0,104,34,14
2025,2,CD_M20250140204,CD_I1028525,Harry Armstrong,76,60,0,0,Richmond,0,0,49,34,14
2025,2,CD_M20250140204,CD_I1013197,Sam Banks,28,25,0,0,Richmond,0,0,39,34,14
2025,2,CD_M20250140204,CD_I1021152,Jacob Bauer,90,35,2,0,Richmond,6,0,34,34,14
2025,2,CD_M20250140204,CD_I1013229,Jacob Blight,77,65,5,0,Richmond,15,0,65,34,14
2025,2,CD_M20250140204,CD_I295203,Nathan Broad,87,46,0,0,Richmond,0,0,37,34,14
2025,2,CD_M20250140204,CD_I1017086,Tom Brown,84,53,0,2,Richmond,0,14,69,34,14
2025,2,CD_M20250140204,CD_I1023275,Seth Campbell,89,58,0,0,Richmond,0,0,89,34,14
2025,2,CD_M20250140204,CD_I1009226,Thomson Dow,79,59,17,0,Richmond,50,0,70,34,14
2025,2,CD_M20250140204,CD_I1022383,Liam Fawcett,70,22,1,0,Richmond,3,0,30,34,14
2025,2,CD_M20250140204,CD_I1023056,Steely Green,82,36,0,0,Richmond,0,0,41,34,14
2025,2,CD_M20250140204,CD_I993903,Jacob Hopper,77,54,26,0,Richmond,76,0,58,34,14
2025,2,CD_M20250140204,CD_I1028491,Sam Lalor,81,62,16,0,Richmond,47,0,39,34,14
2025,2,CD_M20250140204,CD_I1008478,Rhyan Mansell,67,86,0,0,Richmond,0,0,87,34,14
2025,2,CD_M20250140204,CD_I294592,Kamdyn McIntosh,85,88,6,0,Richmond,18,0,84,34,14
2025,2,CD_M20250140204,CD_I1002403,Ben Miller,92,69,0,8,Richmond,0,57,77,34,14
2025,2,CD_M20250140204,CD_I298174,Toby Nankervis,83,69,26,0,Richmond,76,0,67,34,14
2025,2,CD_M20250140204,CD_I1006133,Jack Ross,83,38,9,0,Richmond,26,0,35,34,14
2025,2,CD_M20250140204,CD_I992049,Jayden Short,80,85,0,1,Richmond,0,7,71,34,14
2025,2,CD_M20250140204,CD_I1022999,Kaleb Smith,49,28,0,0,Richmond,0,0,19,34,14
2025,2,CD_M20250140204,CD_I998172,Tim Taranto,90,70,28,0,Richmond,82,0,70,34,14
2025,2,CD_M20250140204,CD_I1028521,Luke Trainor,82,33,0,0,Richmond,0,0,24,34,14
2025,2,CD_M20250140204,CD_I1031829,James Trezise,90,25,0,0,Richmond,0,0,36,34,14
2025,2,CD_M20250140204,CD_I294674,Nick Vlastuin,79,53,0,3,Richmond,0,21,58,34,14
2025,2,CD_M20250140205,CD_I1011994,Ryan Byrnes,81,69,0,0,St Kilda,0,0,64,32,12
2025,2,CD_M20250140205,CD_I1023784,Anthony Caminiti,100,83,0,0,St Kilda,0,0,78,32,12
2025,2,CD_M20250140205,CD_I1002264,Hunter Clark,30,45,10,0,St Kilda,31,0,41,32,12
2025,2,CD_M20250140205,CD_I1017959,Lance Collard,67,33,0,0,St Kilda,0,0,39,32,12
2025,2,CD_M20250140205,CD_I1027790,Hugo Garcia,29,27,7,0,St Kilda,22,0,25,32,12
2025,2,CD_M20250140205,CD_I1020855,Max Hall,79,51,1,0,St Kilda,3,0,33,32,12
2025,2,CD_M20250140205,CD_I1002227,Jack Higgins,82,80,0,0,St Kilda,0,0,86,32,12
2025,2,CD_M20250140205,CD_I295584,Bradley Hill,91,49,0,0,St Kilda,0,0,52,32,12
2025,2,CD_M20250140205,CD_I991988,Zak Jones,86,111,2,0,St Kilda,6,0,111,32,12
2025,2,CD_M20250140205,CD_I1015323,Isaac Keeler,86,47,6,0,St Kilda,19,0,41,32,12
2025,2,CD_M20250140205,CD_I295467,Jack Macrae,87,153,25,0,St Kilda,78,0,162,32,12
2025,2,CD_M20250140205,CD_I992468,Rowan Marshall,82,142,26,0,St Kilda,81,0,121,32,12
2025,2,CD_M20250140205,CD_I1035198,Liam O'Connell,72,38,0,0,St Kilda,0,0,42,32,12
2025,2,CD_M20250140205,CD_I1023272,Mitch Owens,91,60,0,0,St Kilda,0,0,70,32,12
2025,2,CD_M20250140205,CD_I994389,Jack Sinclair,80,114,0,4,St Kilda,0,33,145,32,12
2025,2,CD_M20250140205,CD_I296205,Jack Steele,80,114,25,0,St Kilda,78,0,106,32,12
2025,2,CD_M20250140205,CD_I1008312,Liam Stocker,40,26,0,0,St Kilda,0,0,30,32,12
2025,2,CD_M20250140205,CD_I1015507,Nasiah Wanganeen-Milera,89,101,0,7,St Kilda,0,58,113,32,12
2025,2,CD_M20250140205,CD_I290757,Jimmy Webster,78,49,0,1,St Kilda,0,8,51,32,12
2025,2,CD_M20250140205,CD_I296422,Callum Wilkie,100,93,0,0,St Kilda,0,0,105,32,12
2025,2,CD_M20250140205,CD_I1027875,Darcy Wilson,90,60,0,0,St Kilda,0,0,50,32,12
2025,2,CD_M20250140205,CD_I1023270,Marcus Windhager,84,113,26,0,St Kilda,81,0,104,32,12
2025,2,CD_M20250140205,CD_I295340,Mason Wood,95,121,0,0,St Kilda,0,0,98,32,12
2025,2,CD_M20250140205,CD_I994386,Tom Atkins,80,98,21,0,Geelong Cats,66,0,96,32,7
2025,2,CD_M20250140205,CD_I296733,Mark Blicavs,82,84,10,0,Geelong Cats,31,0,89,32,7
2025,2,CD_M20250140205,CD_I998260,Jack Bowes,78,41,9,1,Geelong Cats,28,14,48,32,7
2025,2,CD_M20250140205,CD_I293845,Jeremy Cameron,89,61,0,0,Geelong Cats,0,0,62,32,7
2025,2,CD_M20250140205,CD_I1023537,Jhye Clark,66,63,11,0,Geelong Cats,34,0,66,32,7
2025,2,CD_M20250140205,CD_I1023542,Ted Clohesy,57,91,0,0,Geelong Cats,0,0,84,32,7
2025,2,CD_M20250140205,CD_I999326,Brad Close,80,39,0,0,Geelong Cats,0,0,57,32,7
2025,2,CD_M20250140205,CD_I270917,Patrick Dangerfield,78,52,16,0,Geelong Cats,50,0,74,32,7
2025,2,CD_M20250140205,CD_I1009229,Sam De Koning,70,72,22,0,Geelong Cats,69,0,74,32,7
2025,2,CD_M20250140205,CD_I1025034,Oliver Dempsey,86,55,0,0,Geelong Cats,0,0,55,32,7
2025,2,CD_M20250140205,CD_I1004870,Zach Guthrie,82,79,0,6,Geelong Cats,0,86,85,32,7
2025,2,CD_M20250140205,CD_I1000937,Jack Henry,94,74,0,0,Geelong Cats,0,0,94,32,7
2025,2,CD_M20250140205,CD_I1012860,Oliver Henry,86,48,0,0,Geelong Cats,0,0,41,32,7
2025,2,CD_M20250140205,CD_I1015889,Max Holmes,77,77,19,0,Geelong Cats,59,0,91,32,7
2025,2,CD_M20250140205,CD_I1013464,Lawson Humphries,84,87,0,0,Geelong Cats,0,0,80,32,7
2025,2,CD_M20250140205,CD_I1021103,Mitch Knevitt,78,80,20,0,Geelong Cats,62,0,58,32,7
2025,2,CD_M20250140205,CD_I1004938,Gryan Miers,87,73,0,0,Geelong Cats,0,0,53,32,7
2025,2,CD_M20250140205,CD_I1024982,Oisin Mullin,78,19,0,0,Geelong Cats,0,0,22,32,7
2025,2,CD_M20250140205,CD_I1016433,Shannon Neale,97,57,0,0,Geelong Cats,0,0,59,32,7
2025,2,CD_M20250140205,CD_I1007102,Mark O'Connor,75,70,0,0,Geelong Cats,0,0,69,32,7
2025,2,CD_M20250140205,CD_I1027877,Connor O'Sullivan,93,75,0,0,Geelong Cats,0,0,88,32,7
2025,2,CD_M20250140205,CD_I997230,Tyson Stengle,84,80,0,0,Geelong Cats,0,0,81,32,7
2025,2,CD_M20250140205,CD_I291800,Tom Stewart,18,9,0,0,Geelong Cats,0,0,9,32,7
2025,2,CD_M20250140206,CD_I298437,Callum Ah Chee,76,85,0,0,Brisbane Lions,0,0,92,29,9
2025,2,CD_M20250140206,CD_I996059,Harris Andrews,92,93,0,0,Brisbane Lions,0,0,105,29,9
2025,2,CD_M20250140206,CD_I1005053,Noah Answerth,80,64,0,0,Brisbane Lions,0,0,81,29,9
2025,2,CD_M20250140206,CD_I1028560,Levi Ashcroft,78,74,0,0,Brisbane Lions,0,0,72,29,9
2025,2,CD_M20250140206,CD_I1023517,Will Ashcroft,79,90,15,0,Brisbane Lions,52,0,104,29,9
2025,2,CD_M20250140206,CD_I1002312,Zac Bailey,85,76,0,0,Brisbane Lions,0,0,64,29,9
2025,2,CD_M20250140206,CD_I998133,Jarrod Berry,79,118,0,0,Brisbane Lions,0,0,94,29,9
2025,2,CD_M20250140206,CD_I291753,Sam Day,85,41,4,0,Brisbane Lions,14,0,50,29,9
2025,2,CD_M20250140206,CD_I993834,Josh Dunkley,81,111,25,0,Brisbane Lions,86,0,117,29,9
2025,2,CD_M20250140206,CD_I1023708,Jaspa Fletcher,81,85,0,3,Brisbane Lions,0,33,94,29,9
2025,2,CD_M20250140206,CD_I993953,Eric Hipwood,83,83,0,0,Brisbane Lions,0,0,83,29,9
2025,2,CD_M20250140206,CD_I291548,Ryan Lester,78,94,0,0,Brisbane Lions,0,0,98,29,9
2025,2,CD_M20250140206,CD_I1000978,Hugh McCluggage,80,90,20,0,Brisbane Lions,69,0,132,29,9
2025,2,CD_M20250140206,CD_I1005521,Oscar McInerney,81,86,25,0,Brisbane Lions,86,0,59,29,9
2025,2,CD_M20250140206,CD_I997846,Conor McKenna,32,25,0,0,Brisbane Lions,0,0,29,29,9
2025,2,CD_M20250140206,CD_I1029405,Will McLachlan,69,50,0,0,Brisbane Lions,0,0,62,29,9
2025,2,CD_M20250140206,CD_I1028019,Logan Morris,80,61,0,0,Brisbane Lions,0,0,69,29,9
2025,2,CD_M20250140206,CD_I293535,Lachie Neale,85,117,23,0,Brisbane Lions,79,0,133,29,9
2025,2,CD_M20250140206,CD_I1002347,Jack Payne,97,54,0,0,Brisbane Lions,0,0,70,29,9
2025,2,CD_M20250140206,CD_I1002235,Cam Rayner,78,58,4,0,Brisbane Lions,14,0,52,29,9
2025,2,CD_M20250140206,CD_I1009317,Bruce Reville,48,38,0,0,Brisbane Lions,0,0,17,29,9
2025,2,CD_M20250140206,CD_I1017067,Darcy Wilmot,83,91,0,3,Brisbane Lions,0,33,101,29,9
2025,2,CD_M20250140206,CD_I261224,Dayne Zorko,88,126,0,3,Brisbane Lions,0,33,136,29,9
2025,2,CD_M20250140206,CD_I1004385,Oscar Allen,97,36,0,0,West Coast Eagles,0,0,27,29,10
2025,2,CD_M20250140206,CD_I1000223,Liam Baker,83,92,24,0,West Coast Eagles,83,0,75,29,10
2025,2,CD_M20250140206,CD_I1013511,Tyler Brockman,76,42,0,0,West Coast Eagles,0,0,46,29,10
2025,2,CD_M20250140206,CD_I993820,Tom Cole,83,49,0,0,West Coast Eagles,0,0,39,29,10
2025,2,CD_M20250140206,CD_I290826,Jamie Cripps,90,55,0,0,West Coast Eagles,0,0,55,29,10
2025,2,CD_M20250140206,CD_I1023142,Tyrell Dewar,82,89,0,0,West Coast Eagles,0,0,84,29,10
2025,2,CD_M20250140206,CD_I298268,Liam Duggan,83,68,0,0,West Coast Eagles,0,0,75,29,10
2025,2,CD_M20250140206,CD_I1011437,Harry Edwards,87,30,0,0,West Coast Eagles,0,0,61,29,10
2025,2,CD_M20250140206,CD_I1023025,Reuben Ginbey,89,58,4,0,West Coast Eagles,14,0,58,29,10
2025,2,CD_M20250140206,CD_I1024188,Clay Hall,65,49,16,0,West Coast Eagles,55,0,88,29,10
2025,2,CD_M20250140206,CD_I1020670,Elijah Hewett,70,53,4,0,West Coast Eagles,14,0,58,29,10
2025,2,CD_M20250140206,CD_I1023167,Brady Hough,87,71,0,0,West Coast Eagles,0,0,63,29,10
2025,2,CD_M20250140206,CD_I994385,Jayden Hunt,82,52,0,0,West Coast Eagles,0,0,50,29,10
2025,2,CD_M20250140206,CD_I295898,Tim Kelly,78,102,22,0,West Coast Eagles,76,0,114,29,10
2025,2,CD_M20250140206,CD_I1023496,Noah Long,78,29,0,0,West Coast Eagles,0,0,43,29,10
2025,2,CD_M20250140206,CD_I1029416,Ryan Maric,85,74,0,5,West Coast Eagles,0,50,72,29,10
2025,2,CD_M20250140206,CD_I294859,Jeremy McGovern,91,64,0,5,West Coast Eagles,0,50,97,29,10
2025,2,CD_M20250140206,CD_I1013973,Matthew Owies,84,69,0,0,West Coast Eagles,0,0,63,29,10
2025,2,CD_M20250140206,CD_I1006550,Jack Petruccelle,28,21,0,0,West Coast Eagles,0,0,22,29,10
2025,2,CD_M20250140206,CD_I1027693,Archer Reid,66,35,10,0,West Coast Eagles,34,0,9,29,10
2025,2,CD_M20250140206,CD_I1023492,Harley Reid,79,56,21,0,West Coast Eagles,72,0,59,29,10
2025,2,CD_M20250140206,CD_I1004364,Liam Ryan,86,78,0,0,West Coast Eagles,0,0,95,29,10
2025,2,CD_M20250140206,CD_I1006114,Bailey J. Williams,50,36,15,0,West Coast Eagles,52,0,32,29,10
2025,2,CD_M20250140207,CD_I1015781,Charlie Comben,95,82,0,0,North Melbourne,0,0,101,31,12
2025,2,CD_M20250140207,CD_I294508,Aidan Corr,87,63,0,1,North Melbourne,0,8,71,31,12
2025,2,CD_M20250140207,CD_I1002947,Paul Curtis,82,110,0,0,North Melbourne,0,0,114,31,12
2025,2,CD_M20250140207,CD_I295136,Caleb Daniel,83,114,0,8,North Melbourne,0,67,116,31,12
2025,2,CD_M20250140207,CD_I290838,Jack Darling,84,72,5,0,North Melbourne,16,0,78,31,12
2025,2,CD_M20250140207,CD_I1002267,Luke Davies-Uniacke,87,86,23,0,North Melbourne,74,0,108,31,12
2025,2,CD_M20250140207,CD_I1023144,Robert Hansen Jr,73,50,0,0,North Melbourne,0,0,55,31,12
2025,2,CD_M20250140207,CD_I1023530,Jacob Konstanty,55,34,0,0,North Melbourne,0,0,36,31,12
2025,2,CD_M20250140207,CD_I1001017,Nick Larkey,89,64,0,0,North Melbourne,0,0,61,31,12
2025,2,CD_M20250140207,CD_I296355,Luke McDonald,83,57,0,1,North Melbourne,0,8,71,31,12
2025,2,CD_M20250140207,CD_I1024272,Colby McKercher,77,60,0,0,North Melbourne,0,0,56,31,12
2025,2,CD_M20250140207,CD_I1028495,Finn O'Sullivan,79,33,0,2,North Melbourne,0,17,42,31,12
2025,2,CD_M20250140207,CD_I290778,Luke Parker,77,75,19,0,North Melbourne,61,0,79,31,12
2025,2,CD_M20250140207,CD_I1012829,Will Phillips,56,52,11,0,North Melbourne,35,0,57,31,12
2025,2,CD_M20250140207,CD_I1002138,Toby Pink,90,68,0,0,North Melbourne,0,0,64,31,12
2025,2,CD_M20250140207,CD_I1011659,Tom Powell,73,98,15,0,North Melbourne,48,0,124,31,12
2025,2,CD_M20250140207,CD_I1006058,Bailey Scott,84,81,0,0,North Melbourne,0,0,81,31,12
2025,2,CD_M20250140207,CD_I1023518,Harry Sheezel,89,102,17,0,North Melbourne,55,0,81,31,12
2025,2,CD_M20250140207,CD_I993998,Jy Simpkin,82,81,8,0,North Melbourne,26,0,102,31,12
2025,2,CD_M20250140207,CD_I1004848,Dylan Stephens,24,15,0,0,North Melbourne,0,0,14,31,12
2025,2,CD_M20250140207,CD_I993816,Darcy Tucker,82,62,0,0,North Melbourne,0,0,60,31,12
2025,2,CD_M20250140207,CD_I1004965,Tristan Xerri,85,90,26,0,North Melbourne,84,0,136,31,12
2025,2,CD_M20250140207,CD_I998484,Cameron Zurhaar,82,86,0,0,North Melbourne,0,0,86,31,12
2025,2,CD_M20250140207,CD_I1012825,Jake Bowey,78,93,0,5,Melbourne,0,45,97,31,11
2025,2,CD_M20250140207,CD_I1005330,Kade Chandler,82,117,7,0,Melbourne,23,0,151,31,11
2025,2,CD_M20250140207,CD_I1001438,Bayley Fritsch,85,21,0,0,Melbourne,0,0,24,31,11
2025,2,CD_M20250140207,CD_I290528,Max Gawn,84,63,27,0,Melbourne,87,0,67,31,11
2025,2,CD_M20250140207,CD_I1008183,Jack Henderson,78,68,0,0,Melbourne,0,0,72,31,11
2025,2,CD_M20250140207,CD_I1017122,Blake Howes,75,48,0,0,Melbourne,0,0,53,31,11
2025,2,CD_M20250140207,CD_I1023486,Matthew Jefferson,22,0,0,0,Melbourne,0,0,0,31,11
2025,2,CD_M20250140207,CD_I298264,Ed Langdon,83,66,14,0,Melbourne,45,0,71,31,11
2025,2,CD_M20250140207,CD_I298281,Jake Lever,79,40,0,0,Melbourne,0,0,48,31,11
2025,2,CD_M20250140207,CD_I1028531,Xavier Lindsay,80,80,0,0,Melbourne,0,0,78,31,11
2025,2,CD_M20250140207,CD_I291533,Tom McDonald,100,43,0,0,Melbourne,0,0,60,31,11
2025,2,CD_M20250140207,CD_I996701,Clayton Oliver,82,114,22,0,Melbourne,71,0,130,31,11
2025,2,CD_M20250140207,CD_I298210,Christian Petracca,86,89,15,0,Melbourne,48,0,78,31,11
2025,2,CD_M20250140207,CD_I1008893,Harrison Petty,100,30,0,0,Melbourne,0,0,48,31,11
2025,2,CD_M20250140207,CD_I1009378,Trent Rivers,79,59,0,1,Melbourne,0,9,49,31,11
2025,2,CD_M20250140207,CD_I296359,Christian Salem,89,97,0,5,Melbourne,0,45,110,31,11
2025,2,CD_M20250140207,CD_I1007099,Harry Sharp,83,46,0,0,Melbourne,0,0,43,31,11
2025,2,CD_M20250140207,CD_I1002282,Charlie Spargo,74,42,0,0,Melbourne,0,0,33,31,11
2025,2,CD_M20250140207,CD_I999391,Tom Sparrow,81,76,15,0,Melbourne,48,0,68,31,11
2025,2,CD_M20250140207,CD_I1020959,Daniel Turner,71,41,0,0,Melbourne,0,0,42,31,11
2025,2,CD_M20250140207,CD_I1017720,Jacob van Rooyen,76,58,4,0,Melbourne,13,0,64,31,11
2025,2,CD_M20250140207,CD_I291902,Jack Viney,77,80,20,0,Melbourne,65,0,79,31,11
2025,2,CD_M20250140207,CD_I1018425,Taj Woewodin,56,33,0,0,Melbourne,0,0,43,31,11
2025,2,CD_M20250140208,CD_I1020594,Jye Amiss,91,44,0,0,Fremantle,0,0,55,22,13
2025,2,CD_M20250140208,CD_I998180,Bailey Banfield,79,33,0,0,Fremantle,0,0,34,22,13
2025,2,CD_M20250140208,CD_I993993,Shai Bolton,77,46,9,0,Fremantle,41,0,57,22,13
2025,2,CD_M20250140208,CD_I1002232,Andrew Brayshaw,86,77,13,0,Fremantle,59,0,106,22,13
2025,2,CD_M20250140208,CD_I1013224,Heath Chapman,75,57,0,0,Fremantle,0,0,58,22,13
2025,2,CD_M20250140208,CD_I1006152,Jordan Clark,92,83,0,5,Fremantle,0,38,122,22,13
2025,2,CD_M20250140208,CD_I997033,Brennan Cox,84,55,0,0,Fremantle,0,0,69,22,13
2025,2,CD_M20250140208,CD_I1020668,Joshua Draper,46,32,0,0,Fremantle,0,0,59,22,13
2025,2,CD_M20250140208,CD_I1020250,Neil Erasmus,66,50,4,0,Fremantle,18,0,41,22,13
2025,2,CD_M20250140208,CD_I999321,Michael Frederick,83,42,0,0,Fremantle,0,0,42,22,13
2025,2,CD_M20250140208,CD_I1009399,Luke Jackson,85,104,20,0,Fremantle,91,0,97,22,13
2025,2,CD_M20250140208,CD_I1016825,Matthew Johnson,70,68,4,0,Fremantle,18,0,51,22,13
2025,2,CD_M20250140208,CD_I1013220,Nathan O'Driscoll,71,79,0,0,Fremantle,0,0,95,22,13
2025,2,CD_M20250140208,CD_I294613,Jaeger O'Meara,88,87,17,0,Fremantle,77,0,107,22,13
2025,2,CD_M20250140208,CD_I298409,Alex Pearce,93,43,0,0,Fremantle,0,0,78,22,13
2025,2,CD_M20250140208,CD_I1028513,Murphy Reid,68,50,0,0,Fremantle,0,0,75,22,13
2025,2,CD_M20250140208,CD_I998659,Luke Ryan,91,90,0,6,Fremantle,0,46,95,22,13
2025,2,CD_M20250140208,CD_I1009420,Caleb Serong,87,83,19,0,Fremantle,86,0,99,22,13
2025,2,CD_M20250140208,CD_I1009380,Jeremy Sharp,82,58,0,0,Fremantle,0,0,72,22,13
2025,2,CD_M20250140208,CD_I1012819,Josh Treacy,92,91,1,0,Fremantle,5,0,112,22,13
2025,2,CD_M20250140208,CD_I1017754,Patrick Voss,75,64,1,0,Fremantle,5,0,41,22,13
2025,2,CD_M20250140208,CD_I993940,Corey Wagner,85,81,0,2,Fremantle,0,15,81,22,13
2025,2,CD_M20250140208,CD_I1009410,Brandon Walker,34,12,0,0,Fremantle,0,0,19,22,13
2025,2,CD_M20250140208,CD_I1008091,Joel Amartey,73,56,0,0,Sydney Swans,0,0,66,22,11
2025,2,CD_M20250140208,CD_I1008224,Riley Bice,80,64,0,2,Sydney Swans,0,18,96,22,11
2025,2,CD_M20250140208,CD_I1006028,Nick Blakey,88,86,0,3,Sydney Swans,0,27,86,22,11
2025,2,CD_M20250140208,CD_I1013133,Braeden Campbell,80,64,0,0,Sydney Swans,0,0,54,22,11
2025,2,CD_M20250140208,CD_I998103,Oliver Florent,79,45,0,0,Sydney Swans,0,0,54,22,11
2025,2,CD_M20250140208,CD_I293957,Brodie Grundy,64,82,15,0,Sydney Swans,68,0,86,22,11
2025,2,CD_M20250140208,CD_I295222,Joel Hamling,87,51,0,0,Sydney Swans,0,0,69,22,11
2025,2,CD_M20250140208,CD_I1027687,Tom Hanily,66,25,0,0,Sydney Swans,0,0,38,22,11
2025,2,CD_M20250140208,CD_I997100,Will Hayward,79,44,0,0,Sydney Swans,0,0,39,22,11
2025,2,CD_M20250140208,CD_I298539,Isaac Heeney,87,79,17,0,Sydney Swans,77,0,78,22,11
2025,2,CD_M20250140208,CD_I1013409,James Jordon,82,63,20,0,Sydney Swans,91,0,66,22,11
2025,2,CD_M20250140208,CD_I997142,Peter Ladhams,68,56,7,0,Sydney Swans,32,0,75,22,11
2025,2,CD_M20250140208,CD_I295342,Jake Lloyd,90,99,0,1,Sydney Swans,0,9,84,22,11
2025,2,CD_M20250140208,CD_I1008198,Tom McCartin,94,54,0,0,Sydney Swans,0,0,88,22,11
2025,2,CD_M20250140208,CD_I1003203,Hayden McLean,78,59,0,0,Sydney Swans,0,0,76,22,11
2025,2,CD_M20250140208,CD_I996765,Tom Papley,84,69,1,0,Sydney Swans,5,0,69,22,11
2025,2,CD_M20250140208,CD_I290307,Dane Rampe,81,79,0,0,Sydney Swans,0,0,63,22,11
2025,2,CD_M20250140208,CD_I1012210,Matt Roberts,94,95,0,5,Sydney Swans,0,45,115,22,11
2025,2,CD_M20250140208,CD_I1006126,James Rowbottom,76,78,12,0,Sydney Swans,55,0,100,22,11
2025,2,CD_M20250140208,CD_I1020339,Angus Sheldrick,14,12,1,0,Sydney Swans,5,0,14,22,11
2025,2,CD_M20250140208,CD_I1012014,Chad Warner,88,129,15,0,Sydney Swans,68,0,122,22,11
2025,2,CD_M20250140208,CD_I1018424,Corey Warner,85,68,0,0,Sydney Swans,0,0,56,22,11
2025,2,CD_M20250140208,CD_I1006232,Sam Wicks,81,44,0,0,Sydney Swans,0,0,42,22,11
